67
68
69
106
126
161
179
183
215
222
259
260
273
275
276
291
296
309
321
325
345
347
358
363
378
382
406
407
408
414
416
427
437
460
468
480
483
503
516
519
524
536
539
547
548
566
568
585
614
615
620
626
629
638
640
648
672
675
683
685
692
699
722
738
751
753
756
761
765
795
803
814
831
842
849
851
852
853
857
870
873
879
880
895
897
915
916
926
929
935
955
956
995
1020
1027
1028
1044
1053
1054
1055
1075
1076
1078
1081
1084
1114
1145
1159
1166
1172
1196
1199
1223
1226
1250
1260
1263
1270
1286
1288
1291
1302
1303
1317
1320
1324
1329
1336
1346
1347
1369
1374
1383
1384
1392
1395
1397
1413
1422
1424
1429
1434
1436
1448
1452
1470
1478
1485
1486
1493
