17
21
27
32
45
58
70
75
102
112
126
136
174
203
210
214
220
223
250
271
272
298
310
324
345
346
406
413
417
422
427
432
438
460
493
497
503
529
532
535
538
572
574
583
588
614
615
621
625
627
632
636
637
643
649
681
683
693
699
701
715
717
718
735
749
785
788
793
807
810
818
822
824
826
830
866
894
905
907
917
920
921
929
947
960
966
967
970
981
984
987
990
1000
1020
1025
1040
1046
1049
1052
1061
1072
1077
1093
1097
1099
1106
1107
1117
1125
1136
1140
1143
1144
1161
1171
1183
1196
1212
1244
1250
1276
1278
1298
1300
1341
1344
1351
1353
1356
1359
1373
1381
1385
1397
1403
1431
1437
1443
1444
1447
1450
1479
1485
1499
1501
1516
1529
1545
1559
1571
1591
1593
1599
1621
1626
1628
1639
1644
1645
1652
1654
1663
1666
1669
1678
1689
1690
1694
1721
1731
1733
1740
1746
1751
1754
1776
1780
1790
1794
1800
1801
1808
1810
1824
1835
1838
1842
1844
1846
1849
1851
1855
1859
1871
1876
1881
1922
1944
1948
1956
1962
1970
1994
2009
2015
2029
2030
2087
2112
2126
2136
2139
2152
2157
2169
2223
2243
2246
2259
2271
2278
2286
2287
2295
2323
2341
2342
2345
2346
2358
2374
2385
2390
2401
2433
2438
2443
2458
2462
2467
2473
2501
2502
2503
2509
2524
2526
2534
2545
2561
2569
2577
2581
2587
2595
2601
2602
2610
2615
2626
2630
2640
2644
2666
2670
2677
2684
2697
2702
2715
2718
2729
2781
2782
2820
2826
2831
2849
2878
2890
2915
2928
2933
2938
2940
2965
2977
2980
2984
2989
3009
3016
3022
3024
3025
3030
3034
3038
3046
3047
3064
3065
3073
3078
3096
3097
3109
3113
3154
3165
3170
3174
3175
3176
3184
3191
3202
3204
3209
3212
3221
3227
3229
3251
3258
3273
3275
3286
3288
3310
3313
3317
3321
3322
3326
3335
3341
3351
3358
3387
3392
3426
3446
3455
3458
3462
3463
3465
3504
3508
3509
3517
3518
3523
3529
3532
3540
3549
3573
3578
3592
3596
3613
3614
3643
3649
3650
3657
3665
3669
3685
3688
3696
3699
3706
3719
3723
3729
3739
3753
3755
3763
3770
3781
3782
3783
3796
3800
3801
3810
3822
3841
3855
3890
3919
3927
3944
3987
3989
3991
