1
6
13
29
58
67
70
71
72
74
82
126
129
135
136
147
155
160
202
218
223
240
245
254
262
278
285
288
294
301
310
318
322
331
334
344
355
365
369
370
375
377
381
384
401
403
404
458
460
461
466
467
471
476
491
495
498
505
507
511
521
533
537
539
545
547
550
552
556
574
579
584
589
608
636
648
655
665
669
672
675
693
702
728
737
745
752
754
757
758
772
776
778
782
795
830
839
840
844
848
857
869
884
894
897
905
967
974
981
987
988
997
999
1004
1042
1043
1044
1045
1059
1064
1065
1072
1073
1074
1103
1111
1123
1125
1152
1158
1165
1205
1214
1231
1236
1241
1242
1247
1249
1250
1252
1255
1259
1266
1281
1298
1322
1339
1341
1352
1355
1371
1380
1400
1431
1435
1442
1443
1445
1476
1490
1494
1496
1518
1530
1533
1536
1538
1577
1590
1599
1607
1621
1633
1650
1655
1656
1710
1716
1718
1749
1751
1752
1769
1791
1792
1793
1804
1808
1810
1842
1852
1856
1866
1905
1916
1920
1927
1942
1948
1977
1981
2005
2013
2026
2042
2049
2079
2091
2093
2094
2095
2099
2101
2108
2112
2114
2122
2124
2133
2134
2141
2142
2161
2168
2176
2194
2211
2214
2222
2230
2239
2243
2262
2285
2290
2317
2320
2321
2322
2346
2372
2375
2376
2377
2391
2402
2412
2419
2432
2434
2436
2452
2454
2459
2462
2464
2465
2470
2477
2478
2529
2533
2559
2579
2591
2599
2603
2639
2650
2655
2657
2660
2665
2679
2691
2760
2794
2795
2796
2805
2829
2835
2836
2842
2855
2878
2887
2895
2908
2927
2929
2939
2942
2946
2949
2951
2957
2963
2979
