7
14
24
52
55
62
66
89
94
97
115
131
136
143
147
162
164
179
187
190
192
199
207
210
225
229
235
256
284
286
293
314
319
324
327
328
334
335
351
394
408
430
433
436
441
448
450
452
458
467
470
477
502
506
515
539
542
543
547
549
553
564
570
593
601
602
645
647
665
690
697
705
728
736
741
742
748
759
776
778
779
782
789
811
818
822
860
865
866
878
891
920
929
930
940
941
947
959
1011
1023
1035
1044
1084
1094
1099
1100
1104
1117
1131
1134
1141
1150
1162
1183
1196
1198
1207
1210
1221
1222
1233
1237
1248
1267
1286
1288
1301
1302
1310
1311
1313
1317
1328
1331
1343
1355
1373
1386
1394
1397
1400
1403
1410
1430
1437
1438
1443
1467
1471
1477
1479
1494
1495
1509
1517
1519
1526
1530
1538
1548
1555
1564
1574
1575
1584
1590
1623
1649
1651
1653
1658
1684
1699
1709
1727
1736
1752
1763
1764
1765
1775
1781
1794
1795
1812
1813
1814
1828
1839
1871
1873
1889
1896
1919
1931
1932
1954
1961
1989
1993
