14
17
18
26
30
44
48
51
95
107
108
134
149
161
165
173
183
188
195
212
223
237
268
277
291
297
316
342
352
372
385
386
411
420
422
430
437
443
446
463
466
467
468
478
480
484
505
506
540
546
593
601
617
620
621
622
623
626
644
648
650
655
696
697
709
711
724
731
741
746
755
756
760
767
800
818
836
839
840
857
895
921
928
929
933
952
961
967
972
1008
1012
1015
1024
1043
1057
1060
1066
1068
1071
1076
1083
1087
1097
1100
1101
1118
1119
1147
1148
1149
1151
1153
1154
1167
1175
1177
1179
1187
1188
1206
1208
1221
1224
1243
1255
1257
1261
1272
1281
1282
1283
1286
1292
1296
1307
1308
1329
1331
1343
1351
1353
1360
1364
1374
1386
1396
1401
1404
1406
1411
1413
1425
1430
1448
1452
1477
1484
1487
1505
1507
1509
1516
1520
1529
1536
1546
1561
1578
1593
1596
1597
1615
1638
1646
1650
1652
1657
1663
1671
1676
1677
1678
1699
1704
1706
1708
1720
1729
1730
1734
1735
1741
1750
1761
1774
1779
1787
1790
1808
1814
1822
1841
1843
1845
1863
1864
1865
1873
1904
1905
1908
1910
1914
1927
1933
1936
1941
1947
1974
2012
2018
2037
2041
2047
2057
2066
2073
2074
2082
2085
2117
2126
2127
2158
2159
2161
2169
2187
2208
2218
2219
2247
2257
2269
2271
2274
2298
2299
2307
2342
2351
2354
2355
2368
2373
2374
2397
2401
2405
2406
2422
2425
2426
2444
2464
2469
2472
2491
2504
2551
2560
2561
2567
2571
2579
2598
2601
2605
2606
2610
2624
2652
2654
2656
2676
2690
2716
2728
2747
2748
2749
2767
2770
2774
2804
2806
2823
2835
2843
2848
2849
2850
2853
2859
2861
2864
2872
2877
2891
2901
2910
2913
2956
2977
2980
2983
2990
2991
3000
3003
3033
3050
3059
3078
3088
3099
3115
3129
3188
3198
3211
3216
3218
3220
3223
3229
3234
3237
3244
3252
3253
3259
3278
3310
3312
3316
3325
3331
3344
3378
3379
3414
3415
3436
3451
3465
3488
3499
3501
3503
3516
3526
3536
3554
3572
3581
3590
3596
3600
3602
3611
3630
3636
3638
3651
3686
3687
3694
3696
3707
3712
3719
3731
3737
3745
3759
3763
3765
3766
3773
3783
3792
3794
3836
3844
3863
3875
3891
3895
3898
3910
3914
3920
3921
3927
3928
3937
3948
3954
3957
3961
3978
3988
3990
3994
4012
4014
4023
4040
4054
4060
4074
4075
4085
4087
4167
4176
4207
4247
4262
4278
4290
4304
4307
4312
4325
4331
4366
4390
4408
4413
4426
4427
4449
4453
4457
4465
4469
4473
4478
4486
4501
4516
4518
4523
4525
4533
4537
4568
4571
4579
4591
4626
4629
4643
4657
4666
4670
4678
4694
4707
4709
4711
4721
4725
4729
4731
4737
4747
4762
4766
4790
4792
4796
4820
4822
4826
4850
4884
4900
4906
4930
4932
4943
4959
4960
4971
4978
4984
4991
